{
 "cells": [
  {
   "cell_type": "code",
   "execution_count": 1,
   "metadata": {},
   "outputs": [],
   "source": [
    "import os\n",
    "import SimpleITK as sitk"
   ]
  },
  {
   "cell_type": "code",
   "execution_count": null,
   "metadata": {},
   "outputs": [],
   "source": [
    "path = 'data/yesno_backup'\n",
    "prefix = 'yes_'\n",
    "\n",
    "yes_name = []\n",
    "yes_buffers = []\n",
    "yes_dimensions = []\n",
    "yes_directions = []\n",
    "yes_keys = []\n",
    "yes_metadata = []\n",
    "yes_components = []\n",
    "yes_numbers = []\n",
    "yes_origins = []\n",
    "yes_types = []\n",
    "yes_values = []\n",
    "yes_sizes = []\n",
    "yes_size_component = []\n",
    "yes_spacing = []\n",
    "\n",
    "for root, dirs, files in os.walk(path):\n",
    "    for file in files:\n",
    "        if file.startswith(prefix):\n",
    "            image = sitk.ReadImage(root + '/' + file)\n",
    "            yes_name.append(file)\n",
    "            try:\n",
    "                yes_buffers.append(image.GetBufferAsFloat())\n",
    "            except:\n",
    "                print('no float')\n",
    "                yes_buffers.append(image.GetBufferAsInt16())\n",
    "            yes_dimensions.append(image.GetDimension())\n",
    "            yes_directions.append(image.GetDirection())\n",
    "            yes_keys.append(image.GetMetaDataKeys())\n",
    "            yes_metadata.append(image.GetMetaData(key) for key in yes_keys)\n",
    "            yes_components.append(image.GetNumberOfComponentsPerPixel())\n",
    "            yes_numbers.append(image.GetNumberOfPixels())\n",
    "            yes_origins.append(image.GetOrigin())\n",
    "            yes_types.append(image.GetPixelIDTypeAsString())\n",
    "            yes_values.append(image.GetPixelIDValue())\n",
    "            yes_sizes.append(image.GetSize())\n",
    "            yes_size_component.append(image.GetSizeOfPixelComponent())\n",
    "            yes_spacing.append(image.GetSpacing())"
   ]
  },
  {
   "cell_type": "code",
   "execution_count": null,
   "metadata": {},
   "outputs": [],
   "source": [
    "path = 'data/yesno_backup'\n",
    "prefix = 'no_'\n",
    "\n",
    "no_name = []\n",
    "no_buffers = []\n",
    "no_dimensions = []\n",
    "no_directions = []         #####\n",
    "no_keys = []\n",
    "no_metadata = []           \n",
    "no_components = []\n",
    "no_numbers = []\n",
    "no_origins = []\n",
    "no_types = []\n",
    "no_values = []\n",
    "no_sizes = []\n",
    "no_size_component = []\n",
    "no_spacing = []            #####\n",
    "\n",
    "for root, dirs, files in os.walk(path):\n",
    "    for file in files:\n",
    "        if file.startswith(prefix):\n",
    "            image = sitk.ReadImage(root + '/' + file)\n",
    "            no_name.append(file)\n",
    "            try:\n",
    "                no_buffers.append(image.GetBufferAsFloat())\n",
    "            except:\n",
    "                print('no float')\n",
    "                no_buffers.append(image.GetBufferAsInt16())\n",
    "            no_dimensions.append(image.GetDimension())\n",
    "            no_directions.append(image.GetDirection())\n",
    "            no_keys.append(image.GetMetaDataKeys())\n",
    "            no_metadata.append(image.GetMetaData(key) for key in no_keys)\n",
    "            no_components.append(image.GetNumberOfComponentsPerPixel())\n",
    "            no_numbers.append(image.GetNumberOfPixels())\n",
    "            no_origins.append(image.GetOrigin())\n",
    "            no_types.append(image.GetPixelIDTypeAsString())\n",
    "            no_values.append(image.GetPixelIDValue())\n",
    "            no_sizes.append(image.GetSize())\n",
    "            no_size_component.append(image.GetSizeOfPixelComponent())\n",
    "            no_spacing.append(image.GetSpacing())"
   ]
  },
  {
   "cell_type": "code",
   "execution_count": 4,
   "metadata": {},
   "outputs": [
    {
     "data": {
      "text/plain": [
       "62"
      ]
     },
     "execution_count": 4,
     "metadata": {},
     "output_type": "execute_result"
    }
   ],
   "source": [
    "len(yes_dimensions)"
   ]
  },
  {
   "cell_type": "code",
   "execution_count": 5,
   "metadata": {},
   "outputs": [
    {
     "data": {
      "text/plain": [
       "98"
      ]
     },
     "execution_count": 5,
     "metadata": {},
     "output_type": "execute_result"
    }
   ],
   "source": [
    "len(no_dimensions)"
   ]
  },
  {
   "cell_type": "code",
   "execution_count": 7,
   "metadata": {},
   "outputs": [
    {
     "name": "stdout",
     "output_type": "stream",
     "text": [
      "0, (1.0, 0.0, 0.0, 0.0, -1.0, 0.0, 0.0, 0.0, 1.0)\n",
      "1, (1.0, 0.0, 0.0, 0.0, -1.0, 0.0, 0.0, 0.0, 1.0)\n",
      "2, (1.0, 0.0, 0.0, 0.0, -1.0, 0.0, 0.0, 0.0, 1.0)\n",
      "3, (1.0, 0.0, 0.0, 0.0, -1.0, 0.0, 0.0, 0.0, 1.0)\n",
      "4, (1.0, 0.0, 0.0, 0.0, -1.0, 0.0, 0.0, 0.0, 1.0)\n",
      "5, (1.0, 0.0, 0.0, 0.0, -1.0, 0.0, 0.0, 0.0, 1.0)\n",
      "6, (1.0, 0.0, 0.0, 0.0, -1.0, 0.0, 0.0, 0.0, 1.0)\n",
      "7, (1.0, 0.0, 0.0, 0.0, -1.0, 0.0, 0.0, 0.0, 1.0)\n",
      "8, (1.0, 0.0, 0.0, 0.0, -1.0, 0.0, 0.0, 0.0, 1.0)\n",
      "9, (1.0, 0.0, 0.0, 0.0, -1.0, 0.0, 0.0, 0.0, 1.0)\n",
      "10, (1.0, 0.0, 0.0, 0.0, -1.0, 0.0, 0.0, 0.0, 1.0)\n",
      "11, (1.0, 0.0, 0.0, 0.0, 1.0, 0.0, 0.0, 0.0, 1.0)\n",
      "12, (1.0, 0.0, 0.0, 0.0, -1.0, 0.0, 0.0, 0.0, 1.0)\n",
      "13, (1.0, 0.0, 0.0, 0.0, -1.0, 0.0, 0.0, 0.0, 1.0)\n",
      "14, (1.0, 0.0, 0.0, 0.0, -1.0, 0.0, 0.0, 0.0, 1.0)\n",
      "15, (1.0, 0.0, 0.0, 0.0, -1.0, 0.0, 0.0, 0.0, 1.0)\n",
      "16, (1.0, 0.0, 0.0, 0.0, -1.0, 0.0, 0.0, 0.0, 1.0)\n",
      "17, (1.0, 0.0, 0.0, 0.0, -1.0, 0.0, 0.0, 0.0, 1.0)\n",
      "18, (1.0, 0.0, 0.0, 0.0, -1.0, 0.0, 0.0, 0.0, 1.0)\n",
      "19, (1.0, 0.0, 0.0, 0.0, -1.0, 0.0, 0.0, 0.0, 1.0)\n",
      "20, (1.0, 0.0, 0.0, 0.0, -1.0, 0.0, 0.0, 0.0, 1.0)\n",
      "21, (1.0, 0.0, 0.0, 0.0, -1.0, 0.0, 0.0, 0.0, 1.0)\n",
      "22, (1.0, 0.0, 0.0, 0.0, -1.0, 0.0, 0.0, 0.0, 1.0)\n",
      "23, (1.0, 0.0, 0.0, 0.0, -1.0, 0.0, 0.0, 0.0, 1.0)\n",
      "24, (1.0, 0.0, 0.0, 0.0, -1.0, 0.0, 0.0, 0.0, 1.0)\n",
      "25, (1.0, 0.0, 0.0, 0.0, -1.0, 0.0, 0.0, 0.0, 1.0)\n",
      "26, (1.0, 0.0, 0.0, 0.0, -1.0, 0.0, 0.0, 0.0, 1.0)\n",
      "27, (1.0, 0.0, 0.0, 0.0, -1.0, 0.0, 0.0, 0.0, 1.0)\n",
      "28, (1.0, 0.0, 0.0, 0.0, -1.0, 0.0, 0.0, 0.0, 1.0)\n",
      "29, (1.0, 0.0, 0.0, 0.0, -1.0, 0.0, 0.0, 0.0, 1.0)\n",
      "30, (1.0, 0.0, 0.0, 0.0, -1.0, 0.0, 0.0, 0.0, 1.0)\n",
      "31, (1.0, 0.0, 0.0, 0.0, -1.0, 0.0, 0.0, 0.0, 1.0)\n",
      "32, (1.0, 0.0, 0.0, 0.0, -1.0, 0.0, 0.0, 0.0, 1.0)\n",
      "33, (1.0, 0.0, 0.0, 0.0, -1.0, 0.0, 0.0, 0.0, 1.0)\n",
      "34, (1.0, 0.0, 0.0, 0.0, -1.0, 0.0, 0.0, 0.0, 1.0)\n",
      "35, (1.0, 0.0, 0.0, 0.0, -1.0, 0.0, 0.0, 0.0, 1.0)\n",
      "36, (1.0, 0.0, 0.0, 0.0, -1.0, 0.0, 0.0, 0.0, 1.0)\n",
      "37, (1.0, 0.0, 0.0, 0.0, -1.0, 0.0, 0.0, 0.0, 1.0)\n",
      "38, (1.0, 0.0, 0.0, 0.0, -1.0, 0.0, 0.0, 0.0, 1.0)\n",
      "39, (1.0, 0.0, 0.0, 0.0, -1.0, 0.0, 0.0, 0.0, 1.0)\n",
      "40, (1.0, 0.0, 0.0, 0.0, -1.0, 0.0, 0.0, 0.0, 1.0)\n",
      "41, (1.0, 0.0, 0.0, 0.0, -1.0, 0.0, 0.0, 0.0, 1.0)\n",
      "42, (1.0, 0.0, 0.0, 0.0, -1.0, 0.0, 0.0, 0.0, 1.0)\n",
      "43, (1.0, 0.0, 0.0, 0.0, -1.0, 0.0, 0.0, 0.0, 1.0)\n",
      "44, (1.0, 0.0, 0.0, 0.0, -1.0, 0.0, 0.0, 0.0, 1.0)\n",
      "45, (1.0, 0.0, 0.0, 0.0, -1.0, 0.0, 0.0, 0.0, 1.0)\n",
      "46, (1.0, 0.0, 0.0, 0.0, -1.0, 0.0, 0.0, 0.0, 1.0)\n",
      "47, (1.0, 0.0, 0.0, 0.0, -1.0, 0.0, 0.0, 0.0, 1.0)\n",
      "48, (1.0, 0.0, 0.0, 0.0, -1.0, 0.0, 0.0, 0.0, 1.0)\n",
      "49, (1.0, 0.0, 0.0, 0.0, -1.0, 0.0, 0.0, 0.0, 1.0)\n",
      "50, (1.0, 0.0, 0.0, 0.0, -1.0, 0.0, 0.0, 0.0, 1.0)\n",
      "51, (1.0, 0.0, 0.0, 0.0, -1.0, 0.0, 0.0, 0.0, 1.0)\n",
      "52, (1.0, 0.0, 0.0, 0.0, -1.0, 0.0, 0.0, 0.0, 1.0)\n",
      "53, (1.0, 0.0, 0.0, 0.0, -1.0, 0.0, 0.0, 0.0, 1.0)\n",
      "54, (1.0, 0.0, 0.0, 0.0, -1.0, 0.0, 0.0, 0.0, 1.0)\n",
      "55, (1.0, 0.0, 0.0, 0.0, -1.0, 0.0, 0.0, 0.0, 1.0)\n",
      "56, (1.0, 0.0, 0.0, 0.0, -1.0, 0.0, 0.0, 0.0, 1.0)\n",
      "57, (1.0, 0.0, 0.0, 0.0, -1.0, 0.0, 0.0, 0.0, 1.0)\n",
      "58, (1.0, 0.0, 0.0, 0.0, -1.0, 0.0, 0.0, 0.0, 1.0)\n",
      "59, (1.0, 0.0, 0.0, 0.0, -1.0, 0.0, 0.0, 0.0, 1.0)\n",
      "60, (1.0, 0.0, 0.0, 0.0, -1.0, 0.0, 0.0, 0.0, 1.0)\n",
      "61, (1.0, 0.0, 0.0, 0.0, -1.0, 0.0, 0.0, 0.0, 1.0)\n"
     ]
    }
   ],
   "source": [
    "for index, item in enumerate(yes_directions):\n",
    "    print(f\"{index}, {item}\")"
   ]
  },
  {
   "cell_type": "code",
   "execution_count": 8,
   "metadata": {},
   "outputs": [
    {
     "name": "stdout",
     "output_type": "stream",
     "text": [
      "0, (-0.17789634994320114, -0.04647462092767298, -0.9829511662072594, 0.9840480647675963, -0.006863937281187395, -0.17777034493791746, 0.0015148940671158447, -0.998895888456164, 0.04695433220100554)\n",
      "1, (0.031527812819962066, -0.025171115951080316, -0.9991858745184712, 0.9995028749427334, 0.0007939820047756441, 0.03151781529785732, -2.9120789573363242e-09, -0.9996828419625663, 0.025183635194469825)\n",
      "2, (-0.07244971351554101, -0.04435904282773231, -0.9963851236292139, 0.9904133618720885, -0.12100425995035846, -0.06662838140052128, -0.11761127342539826, -0.9916603472930001, 0.05270051425121652)\n",
      "3, (1.0, 0.0, 0.0, 0.0, -1.0, 0.0, 0.0, 0.0, 1.0)\n",
      "4, (-0.030540406671391337, -4.477061921193117e-08, -0.9995335329856988, 0.9995335329844338, -4.6159463806816255e-08, -0.030540406629984456, -4.477061916420349e-08, -0.999999999999998, 4.615946295755513e-08)\n",
      "5, (1.4525373457812495e-07, -0.06840866195660412, -0.997657384005774, 0.9959260117510612, 0.08996293128357048, -0.00616854931974518, -0.09017415992181002, 0.9935929377588061, -0.06812997239134531)\n",
      "6, (-0.0, 0.0, -1.0, 1.0, -0.0, 0.0, 0.0, 1.0, -0.0)\n",
      "7, (0.038957390835528787, 3.799556580474922e-08, -0.9992408727627352, 0.9992408727125238, 3.6543099213304185e-08, 0.038957389547628826, 3.799556570848599e-08, -0.9999999999999987, -3.654309687938624e-08)\n",
      "8, (-0.09642417589523032, -0.13402661957176182, -0.9862754407081378, 0.9953403329027319, -0.012983973405413242, -0.0955460042197222, -6.625911101713377e-08, -0.9908926691023472, 0.13465406096220586)\n",
      "9, (1.0, 0.0, 0.0, 0.0, -1.0, 0.0, 0.0, 0.0, 1.0)\n",
      "10, (-0.0, 0.0, -1.0, 1.0, -0.0, 0.0, 0.0, -1.0, 0.0)\n",
      "11, (-0.0, 0.0, -1.0, 1.0, -0.0, 0.0, 0.0, -1.0, 0.0)\n",
      "12, (1.0126917970865179e-08, -0.05222646759963528, -0.9986352667383058, 1.0, 1.0126917714704034e-08, 9.611141413546697e-09, -9.61114121622586e-09, 0.9986352667926686, -0.05222646863911638)\n",
      "13, (-0.0, 0.0, -1.0, 1.0, -0.0, 0.0, 0.0, -1.0, 0.0)\n",
      "14, (3.6076073683943786e-08, 0.03197122053161188, -0.9994887898803276, 0.9999999999999987, 3.60760743661013e-08, 3.724851327600102e-08, 3.72485118305121e-08, -0.9994887898609558, -0.03197121992600405)\n",
      "15, (-0.035726371975637966, 0.002852628550054323, -0.9993575380647652, 0.9961868475216886, -0.07954403227316194, -0.03584007691295757, -0.07959517052094489, -0.9968272716173457, 6.860136174157218e-08)\n",
      "16, (1.0, 0.0, 0.0, 0.0, -1.0, 0.0, 0.0, 0.0, 1.0)\n",
      "17, (-0.0, 0.0, -1.0, 1.0, -0.0, 0.0, 0.0, -1.0, 0.0)\n",
      "18, (-3.23607025620731e-08, -0.06851009876353878, -0.997650422927495, 0.9999999999999991, -3.2360701862081125e-08, -3.0214656789113204e-08, -3.021465744268423e-08, -0.9976504229274947, 0.0685100987635388)\n",
      "19, (-0.0, 0.0, -1.0, 1.0, -0.0, 0.0, 0.0, -1.0, 0.0)\n",
      "20, (-1.3033705783322464e-08, -1.0959078184492316e-08, -0.9999999999999998, 0.9851572599012074, -0.1716542258843185, -1.0959078089456396e-08, 0.17165422588431847, 0.9851572599012075, -1.30337056702956e-08)\n",
      "21, (-0.0, 0.0, -1.0, 1.0, -0.0, 0.0, 0.0, -1.0, 0.0)\n",
      "22, (-0.051114030321261446, 0.02353977941918847, -0.9984153618751967, 0.9986928235970841, 0.001204761994513262, -0.051099829331415186, -2.5788023911890584e-08, -0.9997221750733714, -0.023570587899335655)\n",
      "23, (-1.0556036045272776e-09, 0.01997645213526538, -0.9998004507604007, 1.0, -1.0556036120455245e-09, -1.0769057178153464e-09, 1.0769056757453654e-09, 0.9998004507700962, 0.019976452620513344)\n",
      "24, (-0.0, 0.0, -1.0, 1.0, -0.0, 0.0, 0.0, -1.0, 0.0)\n",
      "25, (-0.0, 0.0, -1.0, 1.0, -0.0, 0.0, 0.0, -1.0, 0.0)\n",
      "26, (-0.0, 0.0, -1.0, 1.0, -0.0, 0.0, 0.0, 1.0, -0.0)\n",
      "27, (-0.07466417277900936, -0.05103728248777941, -0.9959018308554929, 0.997201435110076, 1.190722513318856e-08, -0.07476160982281556, 0.0038156411821644053, -0.9986967486661116, 0.050894449553742574)\n",
      "28, (0.025837170224020344, -0.13518968515552351, -0.9904828057400059, 0.9996661645943639, 0.003494179649992972, 0.02559980674986842, 9.514921214847798e-08, -0.9908135746628243, 0.13523483806983702)\n",
      "29, (2.7493571863601554e-08, 0.04279380990097057, -0.9990839253245514, 0.9999999999999993, 2.7493571563818124e-08, 2.8696415161708768e-08, 2.869641413383304e-08, -0.9990839253206705, -0.0427938098103621)\n",
      "30, (-0.16858546709889133, 0.09742818980495405, -0.9808601785613777, 0.9855488698955006, -3.981846048949922e-09, -0.1693913328160643, -0.01650349450117734, -0.995242557285072, -0.09602023994627105)\n",
      "31, (-5.398592151095711e-08, 0.010126108198820625, -0.9999487296457603, 0.9999999999999971, -5.3985920951988296e-08, -5.453538127504382e-08, -5.4535384208520395e-08, -0.9999487296520472, -0.01012610881963867)\n",
      "32, (-1.2437226359907069e-08, 0.020987772717970327, -0.9997797324236007, 0.9999999999999998, -1.2437226006633371e-08, -1.2701053702884618e-08, -1.2701053542230053e-08, -0.9997797324392701, -0.020987773464399017)\n",
      "33, (-0.0, 0.0, -1.0, 1.0, -0.0, 0.0, 0.0, -1.0, 0.0)\n",
      "34, (0.002909700880698381, 0.03476893576920852, -0.9993911420157678, 0.9979446629155353, -0.06407801894697927, 0.0006762076696749388, 0.06401549343075859, 0.9973390238997506, 0.034883921849567755)\n",
      "35, (-0.037681631265585255, 0.014190344555282449, -0.9991890355458986, 0.9988955728571872, -0.02754874608089066, -0.03806180821830616, 0.028066513703630835, 0.9995197350281648, 0.013136590121105044)\n",
      "36, (-0.05280751266694939, 0.02787768348211519, -0.9982155083916753, 0.9986036238806484, -2.1756895469089662e-08, -0.052828047480907026, -0.0014727451804352554, -0.9996113418542582, -0.02783875366650753)\n",
      "37, (-0.06846608826224809, -0.07416291643168631, -0.9948930877783717, 0.9976498280080643, -0.002404544770430509, -0.06847656085377599, 0.002686155904894196, -0.9972432401329144, 0.07415325012739937)\n",
      "38, (0.03995570442173281, 2.2819945044716395e-08, -0.9992014520026292, 0.9992014520026292, 2.192566661562977e-08, 0.03995570442173281, -2.2819944483552247e-08, 0.9999999999999996, 2.192566607645678e-08)\n",
      "39, (0.015435990064887944, 0.0273334161666134, -0.9995071858229188, 0.9998808580079506, -0.00042193097949073266, 0.015430222219509028, 3.765889318271673e-08, -0.999626283335383, -0.027336673729736576)\n",
      "40, (0.06152912977907762, 0.022110914524942488, -0.9978603479496232, 0.9981052881277745, -0.0013630088474911766, 0.06151402878251803, 3.891394586588576e-08, -0.9997545947210007, -0.022152883622691105)\n",
      "41, (-4.05195450525752e-08, -0.032739702494901816, -0.9994639123718706, 0.9999999999999984, -4.051954490745133e-08, -3.92139674965029e-08, -3.921396896089385e-08, -0.9994639122452316, 0.032739698628919164)\n",
      "42, (-0.09787234779852058, 6.219003267915442e-08, -0.9951989771589862, 0.995198976856589, 6.86060985799483e-08, -0.09787234472363977, -6.219003341553475e-08, 0.9999999999999958, 6.860609907104455e-08)\n",
      "43, (-0.0, 0.0, -1.0, 1.0, -0.0, 0.0, 0.0, -1.0, 0.0)\n",
      "44, (-0.03170994661531557, -0.039709065627288626, -0.9987080002168125, 0.9994971131952562, -0.0012597504701821222, -0.031684911172730854, 5.54005302514831e-08, -0.9992104899047851, 0.03972904110233856)\n",
      "45, (1.0, 0.0, 0.0, 0.0, -1.0, 0.0, 0.0, 0.0, 1.0)\n",
      "46, (3.041634499822976e-09, 0.02112509496660547, -0.9997768402680827, 1.0, 3.0416345000396953e-09, 3.1065825469441477e-09, 3.1065825467635477e-09, -0.999776840281196, -0.021125095587210107)\n",
      "47, (-0.0, 0.0, -1.0, 1.0, -0.0, 0.0, 0.0, 1.0, -0.0)\n",
      "48, (-0.0, 0.0, -1.0, 1.0, -0.0, 0.0, 0.0, -1.0, 0.0)\n",
      "49, (1.0, 0.0, 0.0, 0.0, -1.0, 0.0, 0.0, 0.0, 1.0)\n",
      "50, (-0.0, 0.0, -1.0, 1.0, -0.0, 0.0, 0.0, -1.0, 0.0)\n",
      "51, (1.0, 0.0, 0.0, 0.0, -1.0, 0.0, 0.0, 0.0, 1.0)\n",
      "52, (0.02098336977542982, -0.08450394888771336, -0.9962021794526879, 0.9997247340512486, -0.00868671855143066, 0.02179442633465988, 0.010495442774259506, 0.9963852786664359, -0.08429840232446717)\n",
      "53, (-3.0746882443972974e-08, -3.100160135718594e-08, -0.9999999999999991, 0.999965968040507, 0.008250015806695524, -3.1001601286106935e-08, -0.008250015806695524, 0.9999659680405071, -3.0746882373477975e-08)\n",
      "54, (-0.0, 0.0, -1.0, 1.0, -0.0, 0.0, 0.0, 1.0, -0.0)\n",
      "55, (-0.04924345008251584, 0.041871932320590596, -0.9979087251812405, 0.9987868053914053, 0.002064378278822561, -0.04920016212740215, -4.468936857542726e-08, -0.9991208533636269, -0.04192278919381478)\n",
      "56, (-0.26552223715757994, 0.28942222156711717, -0.9196372665081173, 0.8619366740268474, -0.35608510110094765, -0.36092742220951696, 0.43192952149901764, 0.8885033361991852, 0.15491511852195436)\n",
      "57, (-1.0470891709246644e-08, 0.011238983143280881, -0.9999368406335811, 1.0, -1.0470891934990941e-08, -1.0589242412557656e-08, -1.0589242371850105e-08, -0.9999368406343997, -0.011238983216114896)\n",
      "58, (-0.03817332082319737, 0.0052255488623445595, -0.9992574699067618, 0.999271133165233, 0.00019959531600064235, -0.03817279970795536, 2.6718340749307733e-08, 0.9999863268069205, 0.005229359233541454)\n",
      "59, (-0.11927147115262318, -5.057127339114217e-08, -0.9928616800515068, 0.9928616802803332, -5.7009941656360587e-08, -0.11927147305745982, -5.057127299096129e-08, -0.9999999999999971, 5.700993888793886e-08)\n",
      "60, (0.07211790992883503, 5.9108269390151236e-09, -0.9973961134210904, 0.9973961134210904, 5.4988689157653425e-09, 0.07211790992883503, 5.910826950469088e-09, -1.0, -5.498868926421017e-09)\n",
      "61, (-0.0, 0.0, -1.0, 1.0, -0.0, 0.0, 0.0, 1.0, -0.0)\n",
      "62, (1.0, 0.0, 0.0, 0.0, -1.0, 0.0, 0.0, 0.0, 1.0)\n",
      "63, (-0.0, 0.0, -1.0, 1.0, -0.0, 0.0, 0.0, -1.0, 0.0)\n",
      "64, (-0.024834044499233553, 0.03966572958318371, -0.9989043499479326, 0.9996879786036644, 0.0036702734204678484, -0.024707781359769577, 0.00268619975609067, -0.999206264486794, -0.03974449893225147)\n",
      "65, (0.08383306362015085, -0.030357142268403522, -0.9960172992710646, 0.996476560287142, 8.133242884825751e-08, 0.08387172177847646, -0.0025460248163609207, -0.9995391157494984, 0.03025018741575415)\n",
      "66, (0.06714277099455424, -0.06853504500566716, -0.9953867565524767, 0.9049496825940138, -0.4159604920166957, 0.08968243139961403, 0.42018795827125577, 0.9067964582458952, -0.03409202807393904)\n",
      "67, (-0.0829904247651549, -0.049239430796417114, -0.9953331440883151, 0.9965503446375898, -0.004100542068163929, -0.08288905846197095, 4.905415298667128e-09, -0.9987785860788126, 0.049409880252409576)\n",
      "68, (-0.0, 0.0, -1.0, 1.0, -0.0, 0.0, 0.0, -1.0, 0.0)\n",
      "69, (1.0, 0.0, 0.0, 0.0, -1.0, 0.0, 0.0, 0.0, 1.0)\n",
      "70, (0.0015951684707610323, -0.029693125530734853, -0.9995577890751225, 0.9985602372023179, 0.053641894261129426, 7.639043661237374e-08, 0.05361816964425647, -0.9981186630237378, 0.029735942884784768)\n",
      "71, (-0.08921860326264591, 0.12383144150247688, -0.988284277732299, 0.9959593006554869, 0.0008781031215354981, -0.08980145398859996, -0.01025242750260076, -0.9923028786768314, -0.12340942123145082)\n",
      "72, (7.929511846977472e-08, 8.748137356131643e-08, -0.9999999999999931, 0.995192868658119, 0.097934438130913, 8.74813750328934e-08, -0.09793443813091307, 0.9951928686581183, 7.929511980364569e-08)\n",
      "73, (0.027528445805695644, -0.024532157812466378, -0.9993199477666198, 0.9996210205230391, 0.0006756148618561436, 0.0275201531912333, -2.6664494261654696e-08, 0.9996988130320167, -0.024541458066937114)\n",
      "74, (-0.14116635989395898, 0.0185984094951237, -0.989811173708911, 0.9899858881995689, 0.002652023238335448, -0.14114144092956246, -4.158043707989138e-09, -0.9998235173954426, -0.018786539152140135)\n",
      "75, (-0.033943065388421075, 0.036852606274527584, -0.9987440883141543, 0.9994237681344372, 0.0012516159546627397, -0.033919980240577026, 4.307728507589831e-09, -0.9993199281853018, -0.03687385249750212)\n",
      "76, (-0.0, 0.0, -1.0, 1.0, -0.0, 0.0, 0.0, 1.0, -0.0)\n",
      "77, (2.5799467451292896e-08, -0.042531318630059274, -0.9990951341775812, 0.9999999999999993, 2.5799467249589714e-08, 2.4724554054472584e-08, 2.4724554847921337e-08, -0.9990951340766243, 0.04253131625849635)\n",
      "78, (-0.039635826676152876, -6.129076052581765e-05, -0.9992141899500347, 0.999214191873941, -1.244958068516885e-06, -0.03963582780507885, -1.185330143423865e-06, 0.9999999981209464, -6.129194180237534e-05)\n",
      "79, (0.07481357670274974, 0.06692395304522329, -0.9949493018596235, 0.9971975374723614, -0.005020876373994398, 0.07464490718480325, 1.4492804706537614e-08, -0.9977454461480832, -0.06711202992325624)\n",
      "80, (-0.0, -0.04379111095965343, -0.9990407091810218, 1.0, -0.0, 0.0, 0.0, -0.9990407091810218, 0.04379111095965343)\n",
      "81, (-0.0, 0.0, -1.0, 1.0, -0.0, 0.0, 0.0, 1.0, -0.0)\n",
      "82, (0.08315712335562478, 0.02935065267110705, -0.9961041269251036, 0.9965364483224967, -0.0024491629511873875, 0.08312105075063989, 3.579888438270176e-08, -0.9995661762928049, -0.02945266108327783)\n",
      "83, (0.0018839148264584412, -0.02059082872062295, -0.9997862114505248, 0.9960323655974677, 0.08899170900583221, 4.403647033879191e-05, 0.0889717794991148, -0.9958195084958013, 0.02067678539318584)\n",
      "84, (-5.845497375421358e-08, 0.029629377392026583, -0.9995609536031621, 0.9858205543785358, -0.16772928688924524, -0.004971954852505509, 0.16780296351612195, 0.9853877339986458, 0.02920923992304252)\n",
      "85, (0.039983908764537494, -9.641519582714864e-09, -0.9992003237897712, 0.9992003237789253, -9.26342202944852e-09, 0.03998390849349807, -9.641519386770074e-09, -1.0, 9.263422214631848e-09)\n",
      "86, (-0.024951420603822043, -0.06282374899746249, -0.9977126856042627, 0.9566388083961426, -0.2912232527680352, -0.00558653737857425, 0.2902061627192978, 0.9545900657397965, -0.06736607146366404)\n",
      "87, (-0.07130556513654276, 0.07255007305603285, -0.9948125464760109, 0.9974545184521232, 0.00518646275986054, -0.07111669319746641, 3.6809126207354846e-08, -0.9973512859086335, -0.07273522752127905)\n",
      "88, (0.08533164035443101, 3.3372277385979006e-08, -0.9963526039355758, 0.996352603827792, 3.063630771293899e-08, 0.08533163909592216, -3.337227707969017e-08, 0.9999999999999991, 3.063630816301393e-08)\n",
      "89, (0.031050823892618172, -5.009182402204703e-08, -0.9995178069078302, 0.9995178069127069, -4.855984769847043e-08, 0.031050824049597858, 5.009182444747877e-08, 0.9999999999999976, -4.855984777289125e-08)\n",
      "90, (-0.04577872236564322, -0.07574596789908558, -0.9960757279803725, 0.9989455515700125, 3.759294282092932e-08, -0.04591062252717717, 0.003477582069876686, -0.9971271475328658, 0.07566610117838654)\n",
      "91, (-0.0, 0.0, -1.0, 1.0, -0.0, 0.0, 0.0, -1.0, 0.0)\n",
      "92, (3.6702559214063466e-08, 0.015871301096267647, -0.9998740429846964, 0.9999999999999987, 3.670255875825496e-08, 3.7289774814533596e-08, -3.728977304717768e-08, 0.9998740429681683, 0.015871300055008593)\n",
      "93, (0.09684156563766894, -0.06302023696316231, -0.9933026526481344, 0.9952998096879373, 0.0061317691747769945, 0.0966472484985907, 3.021817088087761e-08, 0.9979934123729947, -0.06331784582431052)\n",
      "94, (1.0, 0.0, 0.0, 0.0, -1.0, 0.0, 0.0, 0.0, 1.0)\n",
      "95, (1.1620771900311407e-08, 0.026513939508662345, -0.9996484436984748, 0.9999999999999998, 1.16207718062063e-08, 1.1933080087128334e-08, 1.1933079413495303e-08, -0.999648443709953, -0.026513939941416022)\n",
      "96, (-0.0, 0.0, -1.0, 1.0, -0.0, 0.0, 0.0, -1.0, 0.0)\n",
      "97, (-0.03728647623200724, 0.0750017706423066, -0.9964860527209988, 0.9993046175667333, 0.002798567130324033, -0.03718130217984423, -6.938243930584532e-08, 0.997179473526474, 0.07505396392419164)\n"
     ]
    }
   ],
   "source": [
    "for index, item in enumerate(no_directions):\n",
    "    print(f\"{index}, {item}\")"
   ]
  },
  {
   "cell_type": "code",
   "execution_count": 9,
   "metadata": {},
   "outputs": [
    {
     "name": "stdout",
     "output_type": "stream",
     "text": [
      "3, (1.0, 0.0, 0.0, 0.0, -1.0, 0.0, 0.0, 0.0, 1.0), no_CT_sub-verse236_ct.nii.gz\n",
      "9, (1.0, 0.0, 0.0, 0.0, -1.0, 0.0, 0.0, 0.0, 1.0), no_CT_sub-verse082_ct.nii.gz\n",
      "16, (1.0, 0.0, 0.0, 0.0, -1.0, 0.0, 0.0, 0.0, 1.0), no_CT_sub-verse092_ct.nii.gz\n",
      "45, (1.0, 0.0, 0.0, 0.0, -1.0, 0.0, 0.0, 0.0, 1.0), no_CT_sub-verse264_ct.nii.gz\n",
      "49, (1.0, 0.0, 0.0, 0.0, -1.0, 0.0, 0.0, 0.0, 1.0), no_CT_sub-verse135_ct.nii.gz\n",
      "51, (1.0, 0.0, 0.0, 0.0, -1.0, 0.0, 0.0, 0.0, 1.0), no_CT_sub-verse145_ct.nii.gz\n",
      "62, (1.0, 0.0, 0.0, 0.0, -1.0, 0.0, 0.0, 0.0, 1.0), no_CT_sub-verse074_ct.nii.gz\n",
      "69, (1.0, 0.0, 0.0, 0.0, -1.0, 0.0, 0.0, 0.0, 1.0), no_CT_sub-verse091_ct.nii.gz\n",
      "94, (1.0, 0.0, 0.0, 0.0, -1.0, 0.0, 0.0, 0.0, 1.0), no_CT_sub-verse154_ct.nii.gz\n"
     ]
    }
   ],
   "source": [
    "for index, item in enumerate(no_directions):\n",
    "    if item == yes_directions[0] or item == yes_directions[11]:\n",
    "        print(f\"{index}, {item}, {no_name[index]}\")"
   ]
  }
 ],
 "metadata": {
  "kernelspec": {
   "display_name": "pattern",
   "language": "python",
   "name": "python3"
  },
  "language_info": {
   "codemirror_mode": {
    "name": "ipython",
    "version": 3
   },
   "file_extension": ".py",
   "mimetype": "text/x-python",
   "name": "python",
   "nbconvert_exporter": "python",
   "pygments_lexer": "ipython3",
   "version": "3.10.14"
  }
 },
 "nbformat": 4,
 "nbformat_minor": 2
}
