{
 "cells": [
  {
   "cell_type": "code",
   "execution_count": 1,
   "metadata": {},
   "outputs": [],
   "source": [
    "import os\n",
    "import SimpleITK as sitk"
   ]
  },
  {
   "cell_type": "code",
   "execution_count": null,
   "metadata": {},
   "outputs": [],
   "source": []
  },
  {
   "cell_type": "code",
   "execution_count": 13,
   "metadata": {},
   "outputs": [
    {
     "ename": "RuntimeError",
     "evalue": "Exception thrown in SimpleITK ImageFileReader_Execute: /tmp/SimpleITK/Code/IO/src/sitkImageReaderBase.cxx:97:\nsitk::ERROR: The file \"moose_test1/sub-verse010/no_CT_sub-verse013_ct.nii.gz\" does not exist.",
     "output_type": "error",
     "traceback": [
      "\u001b[0;31m---------------------------------------------------------------------------\u001b[0m",
      "\u001b[0;31mRuntimeError\u001b[0m                              Traceback (most recent call last)",
      "\u001b[0;32m/tmp/ipykernel_848/135686467.py\u001b[0m in \u001b[0;36m?\u001b[0;34m()\u001b[0m\n\u001b[0;32m----> 1\u001b[0;31m \u001b[0mimage\u001b[0m \u001b[0;34m=\u001b[0m \u001b[0msitk\u001b[0m\u001b[0;34m.\u001b[0m\u001b[0mReadImage\u001b[0m\u001b[0;34m(\u001b[0m\u001b[0;34m'moose_test1/sub-verse010/no_CT_sub-verse013_ct.nii.gz'\u001b[0m\u001b[0;34m)\u001b[0m\u001b[0;34m\u001b[0m\u001b[0;34m\u001b[0m\u001b[0m\n\u001b[0m",
      "\u001b[0;32m~/miniconda3/envs/pattern/lib/python3.10/site-packages/SimpleITK/extra.py\u001b[0m in \u001b[0;36m?\u001b[0;34m(fileName, outputPixelType, imageIO)\u001b[0m\n\u001b[1;32m    351\u001b[0m         \u001b[0mreader\u001b[0m\u001b[0;34m.\u001b[0m\u001b[0mSetFileNames\u001b[0m\u001b[0;34m(\u001b[0m\u001b[0;34m[\u001b[0m\u001b[0mstr\u001b[0m\u001b[0;34m(\u001b[0m\u001b[0mname\u001b[0m\u001b[0;34m)\u001b[0m \u001b[0;32mfor\u001b[0m \u001b[0mname\u001b[0m \u001b[0;32min\u001b[0m \u001b[0mfileName\u001b[0m\u001b[0;34m]\u001b[0m\u001b[0;34m)\u001b[0m\u001b[0;34m\u001b[0m\u001b[0;34m\u001b[0m\u001b[0m\n\u001b[1;32m    352\u001b[0m \u001b[0;34m\u001b[0m\u001b[0m\n\u001b[1;32m    353\u001b[0m     \u001b[0mreader\u001b[0m\u001b[0;34m.\u001b[0m\u001b[0mSetImageIO\u001b[0m\u001b[0;34m(\u001b[0m\u001b[0mimageIO\u001b[0m\u001b[0;34m)\u001b[0m\u001b[0;34m\u001b[0m\u001b[0;34m\u001b[0m\u001b[0m\n\u001b[1;32m    354\u001b[0m     \u001b[0mreader\u001b[0m\u001b[0;34m.\u001b[0m\u001b[0mSetOutputPixelType\u001b[0m\u001b[0;34m(\u001b[0m\u001b[0moutputPixelType\u001b[0m\u001b[0;34m)\u001b[0m\u001b[0;34m\u001b[0m\u001b[0;34m\u001b[0m\u001b[0m\n\u001b[0;32m--> 355\u001b[0;31m     \u001b[0;32mreturn\u001b[0m \u001b[0mreader\u001b[0m\u001b[0;34m.\u001b[0m\u001b[0mExecute\u001b[0m\u001b[0;34m(\u001b[0m\u001b[0;34m)\u001b[0m\u001b[0;34m\u001b[0m\u001b[0;34m\u001b[0m\u001b[0m\n\u001b[0m",
      "\u001b[0;32m~/miniconda3/envs/pattern/lib/python3.10/site-packages/SimpleITK/SimpleITK.py\u001b[0m in \u001b[0;36m?\u001b[0;34m(self)\u001b[0m\n\u001b[1;32m   8434\u001b[0m         \u001b[0mtype\u001b[0m \u001b[0mto\u001b[0m \u001b[0mbe\u001b[0m \u001b[0msame\u001b[0m \u001b[0;32mas\u001b[0m \u001b[0mthe\u001b[0m \u001b[0mfile\u001b[0m\u001b[0;34m.\u001b[0m \u001b[0mIf\u001b[0m \u001b[0mthe\u001b[0m \u001b[0mpixel\u001b[0m \u001b[0mtype\u001b[0m \u001b[0;32mis\u001b[0m \u001b[0mspecified\u001b[0m \u001b[0mthen\u001b[0m \u001b[0mthe\u001b[0m \u001b[0mitk\u001b[0m\u001b[0;34m:\u001b[0m\u001b[0;34m:\u001b[0m\u001b[0mConvertPixelBuffer\u001b[0m \u001b[0mwill\u001b[0m \u001b[0mbe\u001b[0m \u001b[0mused\u001b[0m \u001b[0mto\u001b[0m \u001b[0mconvert\u001b[0m \u001b[0mthe\u001b[0m \u001b[0mpixels\u001b[0m\u001b[0;34m.\u001b[0m\u001b[0;34m\u001b[0m\u001b[0;34m\u001b[0m\u001b[0m\n\u001b[1;32m   8435\u001b[0m \u001b[0;34m\u001b[0m\u001b[0m\n\u001b[1;32m   8436\u001b[0m \u001b[0;34m\u001b[0m\u001b[0m\n\u001b[1;32m   8437\u001b[0m         \"\"\"\n\u001b[0;32m-> 8438\u001b[0;31m         \u001b[0;32mreturn\u001b[0m \u001b[0m_SimpleITK\u001b[0m\u001b[0;34m.\u001b[0m\u001b[0mImageFileReader_Execute\u001b[0m\u001b[0;34m(\u001b[0m\u001b[0mself\u001b[0m\u001b[0;34m)\u001b[0m\u001b[0;34m\u001b[0m\u001b[0;34m\u001b[0m\u001b[0m\n\u001b[0m",
      "\u001b[0;31mRuntimeError\u001b[0m: Exception thrown in SimpleITK ImageFileReader_Execute: /tmp/SimpleITK/Code/IO/src/sitkImageReaderBase.cxx:97:\nsitk::ERROR: The file \"moose_test1/sub-verse010/no_CT_sub-verse013_ct.nii.gz\" does not exist."
     ]
    }
   ],
   "source": [
    "image = sitk.ReadImage('moose_test1/sub-verse010/no_CT_sub-verse010_ct.nii.gz')"
   ]
  },
  {
   "cell_type": "code",
   "execution_count": 3,
   "metadata": {},
   "outputs": [
    {
     "data": {
      "text/plain": [
       "(-0.0, 0.0, -1.0, 1.0, -0.0, 0.0, 0.0, -1.0, 0.0)"
      ]
     },
     "execution_count": 3,
     "metadata": {},
     "output_type": "execute_result"
    }
   ],
   "source": [
    "image.GetDirection()"
   ]
  },
  {
   "cell_type": "code",
   "execution_count": 4,
   "metadata": {},
   "outputs": [
    {
     "name": "stdout",
     "output_type": "stream",
     "text": [
      "no float\n",
      "no float\n",
      "no float\n"
     ]
    }
   ],
   "source": [
    "path = 'moose_test1'\n",
    "prefix = 'no_'\n",
    "\n",
    "buffers = []\n",
    "dimensions = []\n",
    "directions = []         #####\n",
    "keys = []\n",
    "metadata = []           \n",
    "components = []\n",
    "numbers = []\n",
    "origins = []\n",
    "types = []\n",
    "values = []\n",
    "sizes = []\n",
    "size_component = []\n",
    "spacing = []            #####\n",
    "\n",
    "for root, dirs, files in os.walk(path):\n",
    "    for file in files:\n",
    "        if file.startswith(prefix):\n",
    "            image = sitk.ReadImage(root + '/' + file)\n",
    "            try:\n",
    "                buffers.append(image.GetBufferAsFloat())\n",
    "            except:\n",
    "                print('no float')\n",
    "                buffers.append(image.GetBufferAsInt16())\n",
    "            dimensions.append(image.GetDimension())\n",
    "            directions.append(image.GetDirection())\n",
    "            keys.append(image.GetMetaDataKeys())\n",
    "            metadata.append(image.GetMetaData(key) for key in keys)\n",
    "            components.append(image.GetNumberOfComponentsPerPixel())\n",
    "            numbers.append(image.GetNumberOfPixels())\n",
    "            origins.append(image.GetOrigin())\n",
    "            types.append(image.GetPixelIDTypeAsString())\n",
    "            values.append(image.GetPixelIDValue())\n",
    "            sizes.append(image.GetSize())\n",
    "            size_component.append(image.GetSizeOfPixelComponent())\n",
    "            spacing.append(image.GetSpacing())"
   ]
  },
  {
   "cell_type": "code",
   "execution_count": 5,
   "metadata": {},
   "outputs": [],
   "source": [
    "path = 'moose_test1'\n",
    "prefix = 'yes_'\n",
    "\n",
    "yes_buffers = []\n",
    "yes_dimensions = []\n",
    "yes_directions = []\n",
    "yes_keys = []\n",
    "yes_metadata = []\n",
    "yes_components = []\n",
    "yes_numbers = []\n",
    "yes_origins = []\n",
    "yes_types = []\n",
    "yes_values = []\n",
    "yes_sizes = []\n",
    "yes_size_component = []\n",
    "yes_spacing = []\n",
    "\n",
    "for root, dirs, files in os.walk(path):\n",
    "    for file in files:\n",
    "        if file.startswith(prefix):\n",
    "            image = sitk.ReadImage(root + '/' + file)\n",
    "            \n",
    "            try:\n",
    "                yes_buffers.append(image.GetBufferAsFloat())\n",
    "            except:\n",
    "                print('no float')\n",
    "                yes_buffers.append(image.GetBufferAsInt16())\n",
    "            yes_dimensions.append(image.GetDimension())\n",
    "            yes_directions.append(image.GetDirection())\n",
    "            yes_keys.append(image.GetMetaDataKeys())\n",
    "            yes_metadata.append(image.GetMetaData(key) for key in keys)\n",
    "            yes_components.append(image.GetNumberOfComponentsPerPixel())\n",
    "            yes_numbers.append(image.GetNumberOfPixels())\n",
    "            yes_origins.append(image.GetOrigin())\n",
    "            yes_types.append(image.GetPixelIDTypeAsString())\n",
    "            yes_values.append(image.GetPixelIDValue())\n",
    "            yes_sizes.append(image.GetSize())\n",
    "            yes_size_component.append(image.GetSizeOfPixelComponent())\n",
    "            yes_spacing.append(image.GetSpacing())"
   ]
  },
  {
   "cell_type": "code",
   "execution_count": 12,
   "metadata": {},
   "outputs": [
    {
     "data": {
      "text/plain": [
       "[8, 8, 8, 8, 8, 8, 8, 8, 8, 8, 8, 8, 8, 8, 8, 8, 8, 8, 8]"
      ]
     },
     "execution_count": 12,
     "metadata": {},
     "output_type": "execute_result"
    }
   ],
   "source": [
    "yes_values"
   ]
  },
  {
   "cell_type": "code",
   "execution_count": 54,
   "metadata": {},
   "outputs": [
    {
     "data": {
      "text/plain": [
       "[(204, 272, 62),\n",
       " (220, 220, 59),\n",
       " (230, 367, 66),\n",
       " (288, 288, 67),\n",
       " (444, 444, 709),\n",
       " (211, 702, 49),\n",
       " (161, 338, 61),\n",
       " (164, 404, 164),\n",
       " (218, 613, 61),\n",
       " (459, 733, 494),\n",
       " (153, 300, 61),\n",
       " (289, 289, 38),\n",
       " (473, 616, 109),\n",
       " (246, 593, 96),\n",
       " (196, 196, 54),\n",
       " (191, 489, 67),\n",
       " (459, 459, 66),\n",
       " (216, 216, 74),\n",
       " (417, 417, 683),\n",
       " (915, 1189, 121),\n",
       " (184, 303, 61),\n",
       " (269, 269, 73),\n",
       " (212, 212, 34),\n",
       " (405, 525, 116),\n",
       " (146, 315, 83),\n",
       " (186, 206, 186),\n",
       " (179, 290, 61),\n",
       " (196, 546, 61),\n",
       " (356, 356, 73),\n",
       " (175, 175, 57),\n",
       " (402, 402, 85),\n",
       " (256, 256, 71),\n",
       " (275, 605, 81),\n",
       " (250, 325, 38),\n",
       " (407, 407, 75),\n",
       " (234, 234, 88)]"
      ]
     },
     "execution_count": 54,
     "metadata": {},
     "output_type": "execute_result"
    }
   ],
   "source": [
    "sizes"
   ]
  },
  {
   "cell_type": "code",
   "execution_count": 55,
   "metadata": {},
   "outputs": [
    {
     "data": {
      "text/plain": [
       "[(232, 232, 233),\n",
       " (160, 160, 205),\n",
       " (512, 512, 315),\n",
       " (165, 165, 607),\n",
       " (187, 187, 269),\n",
       " (177, 177, 300),\n",
       " (442, 442, 265),\n",
       " (164, 164, 158),\n",
       " (427, 427, 472),\n",
       " (340, 340, 297),\n",
       " (183, 183, 211),\n",
       " (174, 174, 247),\n",
       " (350, 350, 440),\n",
       " (182, 182, 247),\n",
       " (144, 144, 223),\n",
       " (222, 222, 171),\n",
       " (162, 162, 216),\n",
       " (162, 162, 313),\n",
       " (312, 312, 497)]"
      ]
     },
     "execution_count": 55,
     "metadata": {},
     "output_type": "execute_result"
    }
   ],
   "source": [
    "yes_sizes"
   ]
  },
  {
   "cell_type": "code",
   "execution_count": 51,
   "metadata": {},
   "outputs": [
    {
     "data": {
      "text/plain": [
       "[(-0.17789634994320114,\n",
       "  -0.04647462092767298,\n",
       "  -0.9829511662072594,\n",
       "  0.9840480647675963,\n",
       "  -0.006863937281187395,\n",
       "  -0.17777034493791746,\n",
       "  0.0015148940671158447,\n",
       "  -0.998895888456164,\n",
       "  0.04695433220100554),\n",
       " (0.031527812819962066,\n",
       "  -0.025171115951080316,\n",
       "  -0.9991858745184712,\n",
       "  0.9995028749427334,\n",
       "  0.0007939820047756441,\n",
       "  0.03151781529785732,\n",
       "  -2.9120789573363242e-09,\n",
       "  -0.9996828419625663,\n",
       "  0.025183635194469825),\n",
       " (-0.07244971351554101,\n",
       "  -0.04435904282773231,\n",
       "  -0.9963851236292139,\n",
       "  0.9904133618720885,\n",
       "  -0.12100425995035846,\n",
       "  -0.06662838140052128,\n",
       "  -0.11761127342539826,\n",
       "  -0.9916603472930001,\n",
       "  0.05270051425121652),\n",
       " (-0.030540406671391337,\n",
       "  -4.477061921193117e-08,\n",
       "  -0.9995335329856988,\n",
       "  0.9995335329844338,\n",
       "  -4.6159463806816255e-08,\n",
       "  -0.030540406629984456,\n",
       "  -4.477061916420349e-08,\n",
       "  -0.999999999999998,\n",
       "  4.615946295755513e-08),\n",
       " (1.0, 0.0, 0.0, 0.0, -1.0, 0.0, 0.0, 0.0, 1.0),\n",
       " (1.0126917970865179e-08,\n",
       "  -0.05222646759963528,\n",
       "  -0.9986352667383058,\n",
       "  1.0,\n",
       "  1.0126917714704034e-08,\n",
       "  9.611141413546697e-09,\n",
       "  -9.61114121622586e-09,\n",
       "  0.9986352667926686,\n",
       "  -0.05222646863911638),\n",
       " (-0.035726371975637966,\n",
       "  0.002852628550054323,\n",
       "  -0.9993575380647652,\n",
       "  0.9961868475216886,\n",
       "  -0.07954403227316194,\n",
       "  -0.03584007691295757,\n",
       "  -0.07959517052094489,\n",
       "  -0.9968272716173457,\n",
       "  6.860136174157218e-08),\n",
       " (-0.0, 0.0, -1.0, 1.0, -0.0, 0.0, 0.0, -1.0, 0.0),\n",
       " (-1.0556036045272776e-09,\n",
       "  0.01997645213526538,\n",
       "  -0.9998004507604007,\n",
       "  1.0,\n",
       "  -1.0556036120455245e-09,\n",
       "  -1.0769057178153464e-09,\n",
       "  1.0769056757453654e-09,\n",
       "  0.9998004507700962,\n",
       "  0.019976452620513344),\n",
       " (-0.0, 0.0, -1.0, 1.0, -0.0, 0.0, 0.0, -1.0, 0.0),\n",
       " (2.7493571863601554e-08,\n",
       "  0.04279380990097057,\n",
       "  -0.9990839253245514,\n",
       "  0.9999999999999993,\n",
       "  2.7493571563818124e-08,\n",
       "  2.8696415161708768e-08,\n",
       "  2.869641413383304e-08,\n",
       "  -0.9990839253206705,\n",
       "  -0.0427938098103621),\n",
       " (-0.16858546709889133,\n",
       "  0.09742818980495405,\n",
       "  -0.9808601785613777,\n",
       "  0.9855488698955006,\n",
       "  -3.981846048949922e-09,\n",
       "  -0.1693913328160643,\n",
       "  -0.01650349450117734,\n",
       "  -0.995242557285072,\n",
       "  -0.09602023994627105),\n",
       " (-5.398592151095711e-08,\n",
       "  0.010126108198820625,\n",
       "  -0.9999487296457603,\n",
       "  0.9999999999999971,\n",
       "  -5.3985920951988296e-08,\n",
       "  -5.453538127504382e-08,\n",
       "  -5.4535384208520395e-08,\n",
       "  -0.9999487296520472,\n",
       "  -0.01012610881963867),\n",
       " (-0.06846608826224809,\n",
       "  -0.07416291643168631,\n",
       "  -0.9948930877783717,\n",
       "  0.9976498280080643,\n",
       "  -0.002404544770430509,\n",
       "  -0.06847656085377599,\n",
       "  0.002686155904894196,\n",
       "  -0.9972432401329144,\n",
       "  0.07415325012739937),\n",
       " (0.015435990064887944,\n",
       "  0.0273334161666134,\n",
       "  -0.9995071858229188,\n",
       "  0.9998808580079506,\n",
       "  -0.00042193097949073266,\n",
       "  0.015430222219509028,\n",
       "  3.765889318271673e-08,\n",
       "  -0.999626283335383,\n",
       "  -0.027336673729736576),\n",
       " (-4.05195450525752e-08,\n",
       "  -0.032739702494901816,\n",
       "  -0.9994639123718706,\n",
       "  0.9999999999999984,\n",
       "  -4.051954490745133e-08,\n",
       "  -3.92139674965029e-08,\n",
       "  -3.921396896089385e-08,\n",
       "  -0.9994639122452316,\n",
       "  0.032739698628919164),\n",
       " (-0.0, 0.0, -1.0, 1.0, -0.0, 0.0, 0.0, -1.0, 0.0),\n",
       " (-0.03170994661531557,\n",
       "  -0.039709065627288626,\n",
       "  -0.9987080002168125,\n",
       "  0.9994971131952562,\n",
       "  -0.0012597504701821222,\n",
       "  -0.031684911172730854,\n",
       "  5.54005302514831e-08,\n",
       "  -0.9992104899047851,\n",
       "  0.03972904110233856),\n",
       " (1.0, 0.0, 0.0, 0.0, -1.0, 0.0, 0.0, 0.0, 1.0),\n",
       " (-0.0, 0.0, -1.0, 1.0, -0.0, 0.0, 0.0, -1.0, 0.0),\n",
       " (-0.04924345008251584,\n",
       "  0.041871932320590596,\n",
       "  -0.9979087251812405,\n",
       "  0.9987868053914053,\n",
       "  0.002064378278822561,\n",
       "  -0.04920016212740215,\n",
       "  -4.468936857542726e-08,\n",
       "  -0.9991208533636269,\n",
       "  -0.04192278919381478),\n",
       " (-1.0470891709246644e-08,\n",
       "  0.011238983143280881,\n",
       "  -0.9999368406335811,\n",
       "  1.0,\n",
       "  -1.0470891934990941e-08,\n",
       "  -1.0589242412557656e-08,\n",
       "  -1.0589242371850105e-08,\n",
       "  -0.9999368406343997,\n",
       "  -0.011238983216114896),\n",
       " (0.07211790992883503,\n",
       "  5.9108269390151236e-09,\n",
       "  -0.9973961134210904,\n",
       "  0.9973961134210904,\n",
       "  5.4988689157653425e-09,\n",
       "  0.07211790992883503,\n",
       "  5.910826950469088e-09,\n",
       "  -1.0,\n",
       "  -5.498868926421017e-09),\n",
       " (0.08383306362015085,\n",
       "  -0.030357142268403522,\n",
       "  -0.9960172992710646,\n",
       "  0.996476560287142,\n",
       "  8.133242884825751e-08,\n",
       "  0.08387172177847646,\n",
       "  -0.0025460248163609207,\n",
       "  -0.9995391157494984,\n",
       "  0.03025018741575415),\n",
       " (-0.0829904247651549,\n",
       "  -0.049239430796417114,\n",
       "  -0.9953331440883151,\n",
       "  0.9965503446375898,\n",
       "  -0.004100542068163929,\n",
       "  -0.08288905846197095,\n",
       "  4.905415298667128e-09,\n",
       "  -0.9987785860788126,\n",
       "  0.049409880252409576),\n",
       " (-0.0, 0.0, -1.0, 1.0, -0.0, 0.0, 0.0, -1.0, 0.0),\n",
       " (0.0015951684707610323,\n",
       "  -0.029693125530734853,\n",
       "  -0.9995577890751225,\n",
       "  0.9985602372023179,\n",
       "  0.053641894261129426,\n",
       "  7.639043661237374e-08,\n",
       "  0.05361816964425647,\n",
       "  -0.9981186630237378,\n",
       "  0.029735942884784768),\n",
       " (7.929511846977472e-08,\n",
       "  8.748137356131643e-08,\n",
       "  -0.9999999999999931,\n",
       "  0.995192868658119,\n",
       "  0.097934438130913,\n",
       "  8.74813750328934e-08,\n",
       "  -0.09793443813091307,\n",
       "  0.9951928686581183,\n",
       "  7.929511980364569e-08),\n",
       " (-0.14116635989395898,\n",
       "  0.0185984094951237,\n",
       "  -0.989811173708911,\n",
       "  0.9899858881995689,\n",
       "  0.002652023238335448,\n",
       "  -0.14114144092956246,\n",
       "  -4.158043707989138e-09,\n",
       "  -0.9998235173954426,\n",
       "  -0.018786539152140135),\n",
       " (-0.033943065388421075,\n",
       "  0.036852606274527584,\n",
       "  -0.9987440883141543,\n",
       "  0.9994237681344372,\n",
       "  0.0012516159546627397,\n",
       "  -0.033919980240577026,\n",
       "  4.307728507589831e-09,\n",
       "  -0.9993199281853018,\n",
       "  -0.03687385249750212),\n",
       " (2.5799467451292896e-08,\n",
       "  -0.042531318630059274,\n",
       "  -0.9990951341775812,\n",
       "  0.9999999999999993,\n",
       "  2.5799467249589714e-08,\n",
       "  2.4724554054472584e-08,\n",
       "  2.4724554847921337e-08,\n",
       "  -0.9990951340766243,\n",
       "  0.04253131625849635),\n",
       " (-0.0,\n",
       "  -0.04379111095965343,\n",
       "  -0.9990407091810218,\n",
       "  1.0,\n",
       "  -0.0,\n",
       "  0.0,\n",
       "  0.0,\n",
       "  -0.9990407091810218,\n",
       "  0.04379111095965343),\n",
       " (0.0018839148264584412,\n",
       "  -0.02059082872062295,\n",
       "  -0.9997862114505248,\n",
       "  0.9960323655974677,\n",
       "  0.08899170900583221,\n",
       "  4.403647033879191e-05,\n",
       "  0.0889717794991148,\n",
       "  -0.9958195084958013,\n",
       "  0.02067678539318584),\n",
       " (-0.04577872236564322,\n",
       "  -0.07574596789908558,\n",
       "  -0.9960757279803725,\n",
       "  0.9989455515700125,\n",
       "  3.759294282092932e-08,\n",
       "  -0.04591062252717717,\n",
       "  0.003477582069876686,\n",
       "  -0.9971271475328658,\n",
       "  0.07566610117838654),\n",
       " (-0.0, 0.0, -1.0, 1.0, -0.0, 0.0, 0.0, -1.0, 0.0),\n",
       " (-0.0, 0.0, -1.0, 1.0, -0.0, 0.0, 0.0, -1.0, 0.0)]"
      ]
     },
     "execution_count": 51,
     "metadata": {},
     "output_type": "execute_result"
    }
   ],
   "source": [
    "directions"
   ]
  },
  {
   "cell_type": "code",
   "execution_count": 52,
   "metadata": {},
   "outputs": [
    {
     "data": {
      "text/plain": [
       "[(1.0, 0.0, 0.0, 0.0, -1.0, 0.0, 0.0, 0.0, 1.0),\n",
       " (1.0, 0.0, 0.0, 0.0, -1.0, 0.0, 0.0, 0.0, 1.0),\n",
       " (1.0, 0.0, 0.0, 0.0, -1.0, 0.0, 0.0, 0.0, 1.0),\n",
       " (1.0, 0.0, 0.0, 0.0, -1.0, 0.0, 0.0, 0.0, 1.0),\n",
       " (1.0, 0.0, 0.0, 0.0, -1.0, 0.0, 0.0, 0.0, 1.0),\n",
       " (1.0, 0.0, 0.0, 0.0, -1.0, 0.0, 0.0, 0.0, 1.0),\n",
       " (1.0, 0.0, 0.0, 0.0, -1.0, 0.0, 0.0, 0.0, 1.0),\n",
       " (1.0, 0.0, 0.0, 0.0, -1.0, 0.0, 0.0, 0.0, 1.0),\n",
       " (1.0, 0.0, 0.0, 0.0, -1.0, 0.0, 0.0, 0.0, 1.0),\n",
       " (1.0, 0.0, 0.0, 0.0, -1.0, 0.0, 0.0, 0.0, 1.0),\n",
       " (1.0, 0.0, 0.0, 0.0, -1.0, 0.0, 0.0, 0.0, 1.0),\n",
       " (1.0, 0.0, 0.0, 0.0, -1.0, 0.0, 0.0, 0.0, 1.0),\n",
       " (1.0, 0.0, 0.0, 0.0, -1.0, 0.0, 0.0, 0.0, 1.0),\n",
       " (1.0, 0.0, 0.0, 0.0, -1.0, 0.0, 0.0, 0.0, 1.0),\n",
       " (1.0, 0.0, 0.0, 0.0, -1.0, 0.0, 0.0, 0.0, 1.0),\n",
       " (1.0, 0.0, 0.0, 0.0, -1.0, 0.0, 0.0, 0.0, 1.0),\n",
       " (1.0, 0.0, 0.0, 0.0, -1.0, 0.0, 0.0, 0.0, 1.0),\n",
       " (1.0, 0.0, 0.0, 0.0, -1.0, 0.0, 0.0, 0.0, 1.0),\n",
       " (1.0, 0.0, 0.0, 0.0, -1.0, 0.0, 0.0, 0.0, 1.0)]"
      ]
     },
     "execution_count": 52,
     "metadata": {},
     "output_type": "execute_result"
    }
   ],
   "source": [
    "yes_directions"
   ]
  },
  {
   "cell_type": "code",
   "execution_count": 49,
   "metadata": {},
   "outputs": [
    {
     "data": {
      "text/plain": [
       "[(1.0, 1.0, 2.0001819133758545),\n",
       " (1.0, 1.0, 2.0),\n",
       " (1.0, 1.0, 2.0001907348632812),\n",
       " (1.0, 1.0, 1.9999998807907104),\n",
       " (1.0, 1.0, 1.0),\n",
       " (1.0, 1.0, 1.9997062683105469),\n",
       " (1.0, 1.0, 2.000296115875244),\n",
       " (1.0, 1.0, 1.0),\n",
       " (1.0, 1.0, 2.0004000663757324),\n",
       " (1.0, 1.0, 1.0),\n",
       " (1.0, 1.0, 1.9998509883880615),\n",
       " (1.0, 1.0, 1.9999334812164307),\n",
       " (1.0, 1.0, 3.0),\n",
       " (1.0, 1.0, 2.0001933574676514),\n",
       " (1.0, 1.0, 2.0),\n",
       " (1.0, 1.0, 2.000089168548584),\n",
       " (1.0, 1.0, 2.0),\n",
       " (1.0, 1.0, 1.9999974966049194),\n",
       " (1.0, 1.0, 1.0),\n",
       " (1.0, 1.0, 3.0),\n",
       " (1.0, 1.0, 2.000169038772583),\n",
       " (1.0, 1.0, 1.9965007305145264),\n",
       " (1.0, 1.0, 2.0),\n",
       " (1.0, 1.0, 3.000002145767212),\n",
       " (1.0, 1.0, 2.000359535217285),\n",
       " (1.0, 1.0, 1.0),\n",
       " (1.0, 1.0, 1.9998705387115479),\n",
       " (1.0, 1.0, 2.0),\n",
       " (1.0, 1.0, 1.9998838901519775),\n",
       " (1.0, 1.0, 1.9999746084213257),\n",
       " (1.0, 1.0, 1.999999761581421),\n",
       " (1.0, 1.0, 2.0),\n",
       " (1.0, 1.0, 2.000420093536377),\n",
       " (1.0, 1.0, 3.0),\n",
       " (1.0, 1.0, 2.0),\n",
       " (1.0, 1.0, 2.0)]"
      ]
     },
     "execution_count": 49,
     "metadata": {},
     "output_type": "execute_result"
    }
   ],
   "source": [
    "spacing"
   ]
  },
  {
   "cell_type": "code",
   "execution_count": 50,
   "metadata": {},
   "outputs": [
    {
     "data": {
      "text/plain": [
       "[(1.0, 1.0, 1.0),\n",
       " (1.0, 1.0, 1.0),\n",
       " (0.9765625, 0.9765625, 1.0),\n",
       " (1.0, 1.0, 1.0),\n",
       " (1.0, 1.0, 1.0),\n",
       " (1.0, 1.0, 1.0),\n",
       " (1.0, 1.0, 1.0),\n",
       " (1.0, 1.0, 1.0),\n",
       " (1.0, 1.0, 1.0),\n",
       " (1.0, 1.0, 1.0),\n",
       " (1.0, 1.0, 1.0),\n",
       " (1.0, 1.0, 1.0),\n",
       " (1.0, 1.0, 1.0),\n",
       " (1.0, 1.0, 1.0),\n",
       " (1.0, 1.0, 1.0),\n",
       " (1.0, 1.0, 1.0),\n",
       " (1.0, 1.0, 1.0),\n",
       " (1.0, 1.0, 0.9000239968299866),\n",
       " (1.0, 1.0, 1.0)]"
      ]
     },
     "execution_count": 50,
     "metadata": {},
     "output_type": "execute_result"
    }
   ],
   "source": [
    "yes_spacing"
   ]
  }
 ],
 "metadata": {
  "kernelspec": {
   "display_name": "pattern",
   "language": "python",
   "name": "python3"
  },
  "language_info": {
   "codemirror_mode": {
    "name": "ipython",
    "version": 3
   },
   "file_extension": ".py",
   "mimetype": "text/x-python",
   "name": "python",
   "nbconvert_exporter": "python",
   "pygments_lexer": "ipython3",
   "version": "3.10.14"
  }
 },
 "nbformat": 4,
 "nbformat_minor": 2
}
